"Subtracted_x","Subtracted_y","math_region_y","raw_y"
0,-0.003686566767,0.007206719902,0.003520153135,
10,-0.003236498788,0.007296407257,0.004059908468,
20,-0.00255076819,0.007592703209,0.005041935019,
30,-0.01113844647,0.02075667168,0.009618225214,
40,-0.001129219808,0.008302954597,0.007173734789,
50,0.001865983389,0.004840276514,0.006706259902,
60,0.002708340065,0.004515295322,0.007223635387,
70,-0.0002137814445,0.01037498726,0.01016120582,
80,0.004266087994,0.005476041654,0.009742129648,
90,0.006634844915,0.003828897632,0.01046374255,
100,0.009464349905,0.003594591758,0.01305894166,
110,0.01756386926,0.00413429131,0.02169816058,
120,0.02164678948,0.004674817675,0.02632160715,
130,0.02049372006,0.004770807257,0.02526452732,
140,0.02133126317,0.004939133597,0.02627039676,
150,0.02403844766,0.005220184309,0.02925863197,
160,0.02994341858,0.005644930702,0.03558834929,
170,0.04122393405,0.006381640501,0.04760557455,
180,0.06935527959,0.007687265695,0.07704254529,
190,0.1188758825,0.01022468407,0.1291005666,
200,0.2009739181,0.01411316877,0.2150870869,
210,0.295743265,0.01829281049,0.3140360755,
220,0.4081416775,0.02324942464,0.4313911021,
230,0.4982976352,0.02705215897,0.5253497942,
240,0.5777833513,0.0314793225,0.6092626738,
250,0.6410425672,0.03506377023,0.6761063374,
260,0.6796996884,0.03572562275,0.7154253111,
270,0.6779029559,0.0357791765,0.7136821324,
280,0.6321604234,0.03310003903,0.6652604624,
290,0.5573741122,0.02970810469,0.5870822169,
300,0.5228909694,0.02814401519,0.5510349846,
310,0.504936682,0.02807699891,0.5330136809,
320,0.4682703723,0.02674207971,0.495012452,
330,0.4381090546,0.02550740955,0.4636164641,
340,0.4234227506,0.02526365773,0.4486864083,
350,0.4120773167,0.02473770264,0.4368150194,
360,0.4088759452,0.02484987631,0.4337258215,
370,0.4048944239,0.02491429516,0.4298087191,
380,0.4047918778,0.02491512715,0.4297070049,
390,0.404289616,0.02423232798,0.4285219439,
400,0.3945635117,0.02394558726,0.418509099,
410,0.3859560081,0.02350963093,0.4094656391,
420,0.3735732405,0.02326999293,0.3968432334,
430,0.3626535661,0.02172755704,0.3843811231,
440,0.3513542007,0.02138196345,0.3727361641,
450,0.3388032352,0.02027859999,0.3590818352,
460,0.333752391,0.02003938707,0.3537917781,
470,0.3397665419,0.02041252463,0.3601790665,
480,0.341352742,0.0206844553,0.3620371973,
490,0.3537005751,0.02116484662,0.3748654217,
500,0.373365675,0.02203663954,0.3954023145,
510,0.3804620387,0.02291608747,0.4033781261,
520,0.395416815,0.0230610709,0.4184778859,
530,0.4089523401,0.02422215516,0.4331744953,
540,0.4234481632,0.02479727596,0.4482454392,
550,0.4278337532,0.02526833828,0.4531020915,
560,0.4310807189,0.02542447215,0.456505191,
