7.092583999999999833e+03 9.622669048999998864e-03
7.095983000000000175e+03 1.127736803999999926e-02
7.099223000000000866e+03 1.449716434000000199e-02
7.102138000000000829e+03 2.764896533000000406e-02
7.103001000000000204e+03 2.044344823999999852e-02
7.104063000000000102e+03 1.949239544999999824e-02
7.104998999999999796e+03 2.076295690000000069e-02
7.106068000000000211e+03 2.866175836999999837e-02
7.107041999999999462e+03 2.793834241000000412e-02
7.108000000000000000e+03 2.955769952000000117e-02
7.109001999999999498e+03 3.732599464999999950e-02
7.110010000000000218e+03 6.091819400000000190e-02
7.111000000000000000e+03 7.511137895000000175e-02
7.111986999999999171e+03 7.226920045000000126e-02
7.113076999999999316e+03 7.401853633999999627e-02
7.114069000000000415e+03 7.947808835000000349e-02
7.115071999999999207e+03 9.794369330999999623e-02
7.116034999999999854e+03 1.315699083000000102e-01
7.117064000000000306e+03 2.148248933999999943e-01
7.118015000000000327e+03 3.625603218999999822e-01
7.119076000000000022e+03 6.079427378999999743e-01
7.120020000000000437e+03 9.009410069000000076e-01
7.121041999999999462e+03 1.227156016999999988e+00
7.122034999999999854e+03 1.510958503999999980e+00
7.123060000000000400e+03 1.765452718000000143e+00
7.124055000000000291e+03 1.929246199000000050e+00
7.125000000000000000e+03 2.050989503000000269e+00
7.126063000000000102e+03 2.024166779999999832e+00
7.127001999999999498e+03 1.841494016999999817e+00
7.128038000000000466e+03 1.638986008000000050e+00
7.129041000000000167e+03 1.548620101999999887e+00
7.130005000000000109e+03 1.522423974999999929e+00
7.131069999999999709e+03 1.426365433000000182e+00
7.132055999999999585e+03 1.310850560999999859e+00
7.133030999999999949e+03 1.277258554000000101e+00
7.134074999999999818e+03 1.235790323000000024e+00
7.135069999999999709e+03 1.218668489999999993e+00
7.136039999999999964e+03 1.212050459999999941e+00
7.137056999999999789e+03 1.208528881999999971e+00
7.138060000000000400e+03 1.199344887999999942e+00
7.139034999999999854e+03 1.175857394000000111e+00
7.140001999999999498e+03 1.156628100999999909e+00
7.141050000000000182e+03 1.114320044000000065e+00
7.143159999999999854e+03 1.090715131999999921e+00
7.145338999999999942e+03 1.057357055999999851e+00
7.147318000000000211e+03 1.022841850000000052e+00
7.149610999999999876e+03 1.007160215000000081e+00
7.151558000000000902e+03 1.028560734999999893e+00
7.153796999999999571e+03 1.056460261000000012e+00
7.155778000000000247e+03 1.071055555000000048e+00
7.157951999999999316e+03 1.118273327000000039e+00
7.160041000000000167e+03 1.155474641999999941e+00
7.161076999999999316e+03 1.193122540000000065e+00
7.164175999999999476e+03 1.258204615999999998e+00
7.167193000000000211e+03 1.294779804999999895e+00
7.170036999999999352e+03 1.295021412000000094e+00
7.173229999999999563e+03 1.303891300999999947e+00
